,Survived,Pclass,Age,SibSp,Parch,Fare
Survived,1.0,-0.3385,-0.0649,0.0294,0.115,0.3299
Pclass,-0.3385,1.0,-0.3399,0.022,-0.0025,-0.661
Age,-0.0649,-0.3399,1.0,-0.2284,-0.2244,0.111
SibSp,0.0294,0.022,-0.2284,1.0,0.4733,0.3754
Parch,0.115,-0.0025,-0.2244,0.4733,1.0,0.3633
Fare,0.3299,-0.661,0.111,0.3754,0.3633,1.0
