,Survived,Pclass,Age,SibSp,Parch,Fare
Survived,1.0,-0.3397,-0.037,0.0889,0.1383,0.3237
Pclass,-0.3397,1.0,-0.3174,-0.043,-0.0228,-0.688
Age,-0.037,-0.3174,1.0,-0.1453,-0.2175,0.126
SibSp,0.0889,-0.043,-0.1453,1.0,0.45,0.4471
Parch,0.1383,-0.0228,-0.2175,0.45,1.0,0.4101
Fare,0.3237,-0.688,0.126,0.4471,0.4101,1.0
